1723453001
1723453009
1723453037
1723453063
1723453079
1723453087
1723453133
1723453211
1723453253
1723453309
1723453351
1723453379
1723453399
1723453429
1723453439
1723453453
1723453477
1723453531
1723453579
1723453681
1723453757
1723453817
1723453891
1723453943
1723453993
1723454017
1723454041
1723454077
1723454093
1723454113
1723454177
1723453003
1723453021
1723453033
1723453057
1723453111
1723453169
1723453241
1723453301
1723453363
1723453393
1723453397
1723453427
1723453471
1723453519
1723453541
1723453619
1723453741
1723453793
1723453877
1723453903
1723453987
1723454011
1723454023
1723454063
1723454087
1723454111
1723454107
1723454141
1723454179
